SplitterH.SplitRatio=0.500000
PerspectiveCameraLocY0=17.501694
PerspectiveCameraLocX3=0.000000
PerspectiveCameraRotY1=0.000000
SplitterV.SplitRatio=0.500000
PerspectiveCameraRotX2=0.000000
ShowFlag1=54
CameraSpeedSetting0=1
CameraSpeedScalar0=0.100000
PerspectiveCameraRotY2=27.900351
PerspectiveCameraLocX0=-10.231178
GridSize0=10.000000
PerspectiveCameraLocZ0=14.199304
ShowFlag3=54
CameraSpeedSetting2=1
PerspectiveCameraRotX0=0.000000
PerspectiveCameraLocX2=-14.416457
PerspectiveCameraRotY0=32.700764
PerspectiveCameraRotZ0=-765.689453
PerspectiveCameraRotX3=0.000000
CameraSpeedSetting1=1
ShowFlag0=54
ViewMode0=4
ViewportType0=6
CameraSpeedScalar1=1.000000
GridSize1=10.000000
PerspectiveCameraRotY3=0.000000
PerspectiveCameraLocX1=0.000000
ScreenHeight=961
PerspectiveCameraLocY1=0.000000
PerspectiveCameraLocZ1=0.000000
CameraSpeedSetting3=1
ShowFlag2=63
PerspectiveCameraRotX1=0.000000
PerspectiveCameraRotZ1=0.000000
ViewMode1=4
ViewportType1=3
CameraSpeedScalar2=0.100000
GridSize2=10.000000
PerspectiveCameraLocY2=9.218863
PerspectiveCameraLocZ2=13.775559
PerspectiveCameraRotZ2=-31.799646
ScreenWidth=1284
ViewMode2=2
ViewportType2=0
CameraSpeedScalar3=1.000000
GridSize3=10.000000
PerspectiveCameraLocY3=0.000000
PerspectiveCameraLocZ3=0.000000
PerspectiveCameraRotZ3=0.000000
ViewMode3=4
ViewportType3=1
OrthoZoomSize=28.000000
ActiveViewportIndex=2
bMultiView=0
OrthoPivotX=2.400007
OrthoPivotY=-5.099990
OrthoPivotZ=7.749987
