SplitterH.SplitRatio=0.512500
PerspectiveCameraLocY0=-1.329811
PerspectiveCameraLocX3=0.000000
PerspectiveCameraRotY1=28.800001
SplitterV.SplitRatio=0.505717
PerspectiveCameraRotX2=0.000000
ShowFlag1=31
CameraSpeedSetting0=1
CameraSpeedScalar0=0.198000
PerspectiveCameraRotY2=0.000000
PerspectiveCameraLocX0=-4.489603
GridSize0=3.800000
PerspectiveCameraLocZ0=8.768557
ShowFlag3=31
CameraSpeedSetting2=1
PerspectiveCameraRotX0=0.000000
PerspectiveCameraLocX2=0.000000
PerspectiveCameraRotY0=21.199986
PerspectiveCameraRotZ0=715.209717
PerspectiveCameraRotX3=0.000000
CameraSpeedSetting1=1
ShowFlag0=31
ViewMode0=4
ViewportType0=0
CameraSpeedScalar1=1.000000
GridSize1=10.000000
PerspectiveCameraRotY3=0.000000
PerspectiveCameraLocX1=-0.259472
ScreenHeight=1137
PerspectiveCameraLocY1=12.435930
PerspectiveCameraLocZ1=12.905898
CameraSpeedSetting3=1
ShowFlag2=31
PerspectiveCameraRotX1=0.000000
PerspectiveCameraRotZ1=-58.999981
ViewMode1=0
ViewportType1=1
CameraSpeedScalar2=1.000000
GridSize2=10.000000
PerspectiveCameraLocY2=0.000000
PerspectiveCameraLocZ2=0.000000
PerspectiveCameraRotZ2=0.000000
ScreenWidth=1920
ViewMode2=0
ViewportType2=3
CameraSpeedScalar3=1.000000
GridSize3=10.000000
PerspectiveCameraLocY3=0.000000
PerspectiveCameraLocZ3=0.000000
PerspectiveCameraRotZ3=0.000000
ViewMode3=0
ViewportType3=4
OrthoZoomSize=10.600000
ActiveViewportIndex=0
bMultiView=1
OrthoPivotX=-1.000008
OrthoPivotY=0.650000
OrthoPivotZ=1.050000
