SplitterH.X=944.640076
SplitterH.Y=0.000000
SplitterH.Height=1137.000000
ViewportType3=3
SplitterH.Width=20.000000
CameraSpeedScalar3=1.000000
SplitterV.X=0.000000
SplitterV.Width=1920.000000
CameraSpeedScalar2=1.000000
SplitterV.Y=546.328491
SplitterV.Height=20.000000
PerspectiveCameraRotX2=0.000000
ShowFlag1=31
CameraSpeedSetting0=1
CameraSpeedScalar0=1.000000
GridSize0=10.000000
PerspectiveCameraRotY2=0.000000
PerspectiveCameraLocX0=12.579171
PerspectiveCameraLocY0=-8.411728
PerspectiveCameraLocZ0=17.406216
ShowFlag3=31
CameraSpeedSetting2=1
PerspectiveCameraRotX0=0.000000
PerspectiveCameraLocX2=0.000000
PerspectiveCameraRotY0=54.599926
PerspectiveCameraRotZ0=-239.900223
PerspectiveCameraRotX3=0.000000
CameraSpeedSetting1=1
ShowFlag0=31
bMutiView=0
ViewMode0=0
ViewportType0=0
CameraSpeedScalar1=1.000000
GridSize1=10.000000
PerspectiveCameraRotY3=0.000000
PerspectiveCameraLocX1=0.000000
ScreenHeight=0
PerspectiveCameraLocY1=0.000000
PerspectiveCameraLocZ1=0.000000
CameraSpeedSetting3=1
ShowFlag2=31
PerspectiveCameraRotX1=0.000000
PerspectiveCameraLocX3=0.000000
PerspectiveCameraRotY1=0.000000
PerspectiveCameraRotZ1=0.000000
ViewMode1=0
ViewportType1=3
GridSize2=10.000000
PerspectiveCameraLocY2=0.000000
PerspectiveCameraLocZ2=0.000000
PerspectiveCameraRotZ2=0.000000
ScreenWidth=0
ViewMode2=0
ViewportType2=3
GridSize3=10.000000
PerspectiveCameraLocY3=0.000000
PerspectiveCameraLocZ3=0.000000
PerspectiveCameraRotZ3=0.000000
ViewMode3=0
OrthoZoomSize=10.000000
ActiveViewportIndex=0
OrthoPivotX=0.000000
OrthoPivotY=0.000000
OrthoPivotZ=0.000000
