SplitterH.X=0.000000
SplitterH.Y=0.000000
SplitterH.Height=961.000000
ViewportType3=3
SplitterH.Width=984.000000
CameraSpeedScalar3=1.000000
SplitterV.X=0.000000
SplitterV.Width=984.000000
CameraSpeedScalar2=1.000000
SplitterV.Y=0.000000
SplitterV.Height=961.000000
PerspectiveCameraRotX2=0.000000
ShowFlag1=31
CameraSpeedSetting0=1
CameraSpeedScalar0=0.198000
GridSize0=10.000000
PerspectiveCameraRotY2=0.000000
PerspectiveCameraLocX0=6.055899
PerspectiveCameraLocY0=3.715246
PerspectiveCameraLocZ0=6.295414
ShowFlag3=31
CameraSpeedSetting2=1
PerspectiveCameraRotX0=0.000000
PerspectiveCameraLocX2=0.000000
PerspectiveCameraRotY0=40.899933
PerspectiveCameraRotZ0=-139.600357
PerspectiveCameraRotX3=0.000000
CameraSpeedSetting1=1
ShowFlag0=31
bMutiView=1
ViewMode0=0
ViewportType0=0
CameraSpeedScalar1=1.000000
GridSize1=10.000000
PerspectiveCameraRotY3=0.000000
PerspectiveCameraLocX1=4.475054
ScreenHeight=3
PerspectiveCameraLocY1=8.276448
PerspectiveCameraLocZ1=3.387372
CameraSpeedSetting3=1
ShowFlag2=31
PerspectiveCameraRotX1=0.000000
PerspectiveCameraLocX3=0.000000
PerspectiveCameraRotY1=19.799953
PerspectiveCameraRotZ1=-118.399979
ViewMode1=0
ViewportType1=1
GridSize2=10.000000
PerspectiveCameraLocY2=0.000000
PerspectiveCameraLocZ2=0.000000
PerspectiveCameraRotZ2=0.000000
ScreenWidth=3
ViewMode2=0
ViewportType2=4
GridSize3=10.000000
PerspectiveCameraLocY3=0.000000
PerspectiveCameraLocZ3=0.000000
PerspectiveCameraRotZ3=0.000000
ViewMode3=0
OrthoZoomSize=15.999997
ActiveViewportIndex=3
OrthoPivotX=-1.000004
OrthoPivotY=0.550002
OrthoPivotZ=1.900000
