SplitterH.X=913.425171
SplitterH.Y=0.000000
SplitterH.Height=1137.000000
ViewportType3=3
SplitterH.Width=20.000000
CameraSpeedScalar3=1.000000
SplitterV.X=0.000000
SplitterV.Width=1920.000000
CameraSpeedScalar2=1.000000
SplitterV.Y=546.328552
SplitterV.Height=20.000000
PerspectiveCameraRotX2=0.000000
ShowFlag1=30
CameraSpeedSetting0=1
CameraSpeedScalar0=0.198000
GridSize0=10.000000
PerspectiveCameraRotY2=0.000000
PerspectiveCameraLocX0=-6.384737
PerspectiveCameraLocY0=-3.744287
PerspectiveCameraLocZ0=2.757990
ShowFlag3=31
CameraSpeedSetting2=1
PerspectiveCameraRotX0=0.000000
PerspectiveCameraLocX2=0.000000
PerspectiveCameraRotY0=13.899997
PerspectiveCameraRotZ0=-1407.099121
PerspectiveCameraRotX3=0.000000
CameraSpeedSetting1=1
ShowFlag0=30
bMutiView=0
ViewMode0=2
ViewportType0=0
CameraSpeedScalar1=1.000000
GridSize1=10.000000
PerspectiveCameraRotY3=0.000000
PerspectiveCameraLocX1=-10.395666
ScreenHeight=1
PerspectiveCameraLocY1=7.115366
PerspectiveCameraLocZ1=4.311348
CameraSpeedSetting3=1
ShowFlag2=31
PerspectiveCameraRotX1=0.000000
PerspectiveCameraLocX3=0.000000
PerspectiveCameraRotY1=14.099989
PerspectiveCameraRotZ1=330.299927
ViewMode1=1
ViewportType1=0
GridSize2=10.000000
PerspectiveCameraLocY2=0.000000
PerspectiveCameraLocZ2=0.000000
PerspectiveCameraRotZ2=0.000000
ScreenWidth=1
ViewMode2=0
ViewportType2=3
GridSize3=10.000000
PerspectiveCameraLocY3=0.000000
PerspectiveCameraLocZ3=0.000000
PerspectiveCameraRotZ3=0.000000
ViewMode3=0
OrthoZoomSize=60.400009
ActiveViewportIndex=1
OrthoPivotX=1.549993
OrthoPivotY=-1.449999
OrthoPivotZ=-1.599998
